 1   2
 1   4
 1   6
 1   7
 1   11
 1   12
 1   14
 1   15
 1   18
 1   20
 2   1
 2   4
 2   6
 2   7
 2   11
 2   12
 2   14
 2   15
 2   18
 3   5
 3   6
 3   8
 3   9
 3   13
 3   16
 3   17
 3   19
 3   20
 4   1
 4   2
 4   6
 4   7
 4   11
 4   12
 4   14
 4   18
 4   20
 5   3
 5   6
 5   8
 5   9
 5   10
 5   13
 5   16
 5   19
 5   20
 6   1
 6   2
 6   3
 6   4
 6   5
 6   7
 6   9
 6   11
 6   12
 6   14
 6   15
 6   18
 6   19
 7   1
 7   2
 7   4
 7   6
 7   11
 7   12
 7   14
 7   15
 7   18
 7   20
 8   3
 8   5
 8   9
 8   10
 8   13
 8   16
 8   17
 8   19
 8   20
 9   3
 9   5
 9   6
 9   8
 9   10
 9   13
 9   16
 9   17
 9   19
 9   20
 10   5
 10   8
 10   9
 10   13
 10   16
 10   19
 10   20
 11   1
 11   2
 11   4
 11   6
 11   7
 11   12
 11   14
 11   18
 12   1
 12   2
 12   4
 12   6
 12   7
 12   11
 12   14
 12   15
 12   18
 13   3
 13   5
 13   8
 13   9
 13   10
 13   16
 13   17
 13   19
 13   20
 14   1
 14   2
 14   4
 14   6
 14   7
 14   11
 14   12
 14   15
 14   18
 15   1
 15   2
 15   6
 15   7
 15   12
 15   14
 15   18
 16   3
 16   5
 16   8
 16   9
 16   10
 16   13
 16   17
 16   19
 16   20
 17   3
 17   8
 17   9
 17   13
 17   16
 17   19
 17   20
 18   1
 18   2
 18   4
 18   6
 18   7
 18   11
 18   12
 18   14
 18   15
 18   20
 19   3
 19   5
 19   6
 19   8
 19   9
 19   10
 19   13
 19   16
 19   17
 19   20
 20   1
 20   3
 20   4
 20   5
 20   7
 20   8
 20   9
 20   10
 20   13
 20   16
 20   17
 20   18
 20   19
